1.3118681643990259e+09 3.6679145652545317e-04 -1.5616243658472680e-03 -2.8022339631877053e-03  -3.3312188273722423e-03 -2.5627432480595713e-03 -1.4592046384060361e-03 9.9999010297602042e-01 
1.3118681644309399e+09 8.8648536942806399e-04 -1.4150433483878285e-03 -6.2832755595163166e-03  -5.9485748221135152e-03 -3.1605722898285266e-03 -4.0195492751160357e-03 9.9996923375872493e-01 
1.3118681644630549e+09 1.5586284227351564e-03 -1.7824711750225244e-03 -8.3299219024049118e-03  -8.1412411692080005e-03 -1.1690988214293188e-03 -6.8650639774883240e-03 9.9994261050160049e-01 
1.3118681644991300e+09 2.0802555990806562e-03 -1.5321328980568180e-03 -9.8426310124467807e-03  -8.7545533742509479e-03 2.2590522196050218e-03 -9.0569682301137495e-03 9.9991810954935967e-01 
1.3118681645310249e+09 2.5762010880156548e-03 -1.4909700092599100e-03 -1.0716851732435129e-02  -8.4298543881660137e-03 4.9948670234897952e-03 -1.0724645546284606e-02 9.9989447985090829e-01 
1.3118681645630040e+09 3.5419407937875309e-03 -1.7167243287712101e-03 -1.2315296943162036e-02  -7.3280851869443652e-03 6.2053940526382197e-03 -1.2621077438322952e-02 9.9987424242073575e-01 
1.3118681645990610e+09 4.3553726842470736e-03 -1.5239190652842438e-03 -1.5144613877506412e-02  -5.5119936113809578e-03 7.3268631033903842e-03 -1.3845739277508727e-02 9.9986210574626311e-01 
1.3118681646311400e+09 4.9496295730823599e-03 -3.9728985064497080e-04 -1.8407846631139650e-02  -4.2841435635018119e-03 6.8839442333681654e-03 -1.4564506044854439e-02 9.9986105664206593e-01 
1.3118681646631050e+09 6.1921852898357095e-03 6.0745183413986597e-05 -2.2140893895643214e-02  -4.3211637775484807e-03 5.3312734690007836e-03 -1.4543616159742088e-02 9.9987068578681937e-01 
1.3118681646989870e+09 8.3022438600982799e-03 -3.0780156422893579e-03 -2.2298010716537930e-02  -4.9876405631652200e-03 4.0819363237894228e-03 -1.3731678697798351e-02 9.9988494449991672e-01 
1.3118681647310460e+09 1.1173884344700874e-02 -5.2437121853187467e-03 -2.4842356939538748e-02  -3.3685270750689598e-03 2.7937504655330841e-03 -1.2913008671820771e-02 9.9990704677521014e-01 
1.3118681647630980e+09 1.4716886545497545e-02 -7.8083387807308599e-03 -2.6267149863544063e-02  -1.5675718583339491e-03 2.3613660003919878e-03 -1.3021520972142615e-02 9.9991119938755224e-01 
1.3118681647991381e+09 1.8674295618978886e-02 -1.0280160287748625e-02 -2.8236915033543055e-02  1.7101290457157579e-03 2.6531434850506261e-03 -1.3301816821659110e-02 9.9990654461181405e-01 
1.3118681648310061e+09 2.3261481744761430e-02 -1.0170648551662245e-02 -3.0317447143216616e-02  5.0524585459579708e-03 3.9257333604070270e-03 -1.4269583909146380e-02 9.9987771265054415e-01 
1.3118681648630581e+09 2.7625978670268121e-02 -1.1558761033492685e-02 -3.1392998222756222e-02  8.2077754402820630e-03 5.8240370245139679e-03 -1.4896229537497342e-02 9.9983839462216351e-01 
1.3118681648991320e+09 3.1763743369585297e-02 -9.2252156989445395e-03 -3.4273421049381858e-02  1.1497589531432324e-02 7.1186967301818723e-03 -1.6325190570452414e-02 9.9977528362360946e-01 
1.3118681649309330e+09 3.6374800509579773e-02 -4.4714649043386514e-03 -3.6755107232133370e-02  1.2306116683359757e-02 7.3377020435006404e-03 -1.8373667471623379e-02 9.9972852613323915e-01 
1.3118681649631190e+09 4.0628245879616012e-02 -5.4556606492559539e-03 -3.6316135640061101e-02  1.0035673033011420e-02 5.6593062527930541e-03 -1.8831506848359943e-02 9.9975628623646662e-01 
1.3118681649990370e+09 4.6111480642328929e-02 -7.3359314218515064e-03 -3.7804156616332969e-02  9.4114013685106385e-03 2.2756039581300134e-03 -1.8171524608541923e-02 9.9978799894993120e-01 
1.3118681650311220e+09 5.2373247805245562e-02 -7.0328951897688473e-03 -4.0912583232692722e-02  9.3223336632462829e-03 -1.4721942378663493e-03 -1.9360896943280220e-02 9.9976801429569084e-01 
1.3118681650631080e+09 5.9657525604395530e-02 -8.8570940596948890e-03 -4.2982704051471567e-02  8.3936614881679351e-03 -4.7273766262064323e-03 -2.2378526295923448e-02 9.9970315590072967e-01 
1.3118681650991621e+09 6.6742146167897642e-02 -1.1544830286340910e-02 -4.5350061149431707e-02  9.6380882172115226e-03 -7.0837642970648625e-03 -2.4215903826718059e-02 9.9963519222802277e-01 
1.3118681651310141e+09 7.3918721534368126e-02 -9.6503693083798067e-03 -4.8976316437775891e-02  1.2306610216541487e-02 -9.2449990300403039e-03 -2.6655078741830908e-02 9.9952617980480107e-01 
1.3118681651631460e+09 8.2014146126870469e-02 -6.7601148166083506e-03 -5.2245264842415394e-02  1.3875860338032526e-02 -1.1235725541637149e-02 -2.9496446960775097e-02 9.9940541252692972e-01 
1.3118681651991451e+09 8.9955027921786043e-02 -2.9319070531037710e-03 -5.4503684685285658e-02  1.4241735680990620e-02 -1.2446401356817358e-02 -3.1258694575733541e-02 9.9933235416025579e-01 
1.3118681652311931e+09 9.5801286966219631e-02 -1.3303719670098788e-05 -5.6240231240518954e-02  1.3331526940872656e-02 -1.4412815936073270e-02 -3.1989829775995654e-02 9.9929534769112205e-01 
1.3118681652630050e+09 1.0238764575329160e-01 4.6656626940291216e-03 -5.8227423545734569e-02  1.1646663629144492e-02 -1.8269847603053495e-02 -3.3214773116024242e-02 9.9921336397274119e-01 
1.3118681652991030e+09 1.1002894933302416e-01 6.5196579120042862e-03 -5.9490904849558775e-02  8.2474352353049743e-03 -2.2839809319783883e-02 -3.4326830837515865e-02 9.9911560472596361e-01 
1.3118681653312261e+09 1.1856934220608727e-01 5.0828270757901249e-03 -6.0771412589859380e-02  6.0387461231237579e-03 -2.6406975870105796e-02 -3.4735488333251144e-02 9.9902935443404595e-01 
1.3118681653630600e+09 1.2652133397371609e-01 8.3190071896972022e-03 -6.2939734012654874e-02  6.3386347074372296e-03 -2.8339475144880645e-02 -3.5583320323624948e-02 9.9894470476263331e-01 
1.3118681653991599e+09 1.3412299208004505e-01 1.3623036010136735e-02 -6.4169168559467984e-02  5.5709357537206440e-03 -2.9464120970556205e-02 -3.6094199115571698e-02 9.9889841277302360e-01 
1.3118681654309621e+09 1.4001227208025002e-01 1.9323895359250279e-02 -6.3966579353582409e-02  2.4806856698186500e-03 -3.0022988057716509e-02 -3.4935256153917453e-02 9.9893543047794331e-01 
1.3118681654631140e+09 1.4505109052459472e-01 2.0835535501683239e-02 -6.4452135473751823e-02  -2.3503964067445042e-03 -3.1651114023217068e-02 -3.2194978138449175e-02 9.9897756030878149e-01 
1.3118681654991789e+09 1.5165737976617838e-01 2.1704232668143902e-02 -6.5550739182553636e-02  -6.8099315133263952e-03 -3.3377534619865500e-02 -3.0384675881985700e-02 9.9895762497066420e-01 
1.3118681655311241e+09 1.5694719275881819e-01 2.1091576900323577e-02 -6.6965974918862095e-02  -1.0103256842173407e-02 -3.3465237832467971e-02 -2.9113248034604595e-02 9.9896467447396409e-01 
1.3118681655630541e+09 1.6093646492924157e-01 1.9411012306175757e-02 -6.8667410113120317e-02  -1.1395934915082407e-02 -3.2932113207428497e-02 -2.9795523416091114e-02 9.9894836471734894e-01 
1.3118681655991881e+09 1.6562127719898220e-01 2.0200443133178713e-02 -7.1932252456028481e-02  -1.0173859810657321e-02 -3.2211082116235051e-02 -3.1588818158254928e-02 9.9892997018450647e-01 
1.3118681656311591e+09 1.7027611588469363e-01 2.1170392056676354e-02 -7.4739606667518943e-02  -9.1119067266128752e-03 -3.0236464365170596e-02 -3.2944823305438298e-02 9.9895814126312255e-01 
