inf 0.000000000000000000e+00 0.000000000000000000e+00 0.000000000000000000e+00  0.000000000000000000e+00 0.000000000000000000e+00 0.000000000000000000e+00 1.000000000000000000e+00 
inf 7.616899319285253889e-05 -4.287908724420725986e-04 -2.692399723423360234e-05  -9.984936038114036099e-05 1.847941936721109342e-05 5.129488530664573671e-04 9.999998632860358505e-01 
inf 2.894290445599159885e-04 -1.669230697270377025e-04 -6.566641289001228345e-04  -2.040348616608453954e-04 1.362977351941493606e-04 6.026685982268695143e-04 9.999997882916092928e-01 
inf 2.688010786865111814e-04 -1.646570199739908510e-04 -6.405221407120912074e-04  -2.104945592107817468e-04 1.337977103636635691e-04 6.073816478460413977e-04 9.999997844388502921e-01 
inf 1.072168136464841297e-04 -3.727821662565597308e-04 -6.131910879105771650e-04  1.301477612786187564e-04 -2.102535507273563860e-04 5.326856560284940877e-04 9.999998275504833334e-01 
inf 1.049193432077704475e-04 -3.430897024223465057e-04 -5.914040229750127525e-04  2.523635407691065462e-04 -6.240863563579605432e-04 2.445247409507733715e-04 9.999997435182241823e-01 
inf 3.563799957890881613e-04 -2.650836207588345766e-04 -9.987310591414468291e-04  6.731354584532311600e-04 -1.331765113676754153e-03 7.404697516756410572e-05 9.999988839030682364e-01 
inf 1.916537708000638481e-04 -2.268206667755564264e-04 -1.123274614667344211e-03  5.472612408686739144e-04 -1.195087274210216441e-03 2.194268401056626377e-05 9.999991358946566100e-01 
inf 1.017142294504118724e-04 -2.943206850824955489e-04 -1.129080140884664366e-03  2.616142941734284208e-04 -1.012560170738832383e-03 7.417876471755188955e-05 9.999994503885352160e-01 
inf 6.089419255688836581e-05 -3.080510840479621618e-04 -1.043463886276069794e-03  2.815470183693457578e-05 -9.294542207788570242e-04 1.802061941073714545e-04 9.999995514238453342e-01 
inf -2.715851543531587497e-05 1.291410516304590658e-05 -1.230066700222691607e-03  -3.897609080194945641e-04 -5.419255324765114099e-04 2.435587557874545133e-04 9.999997475411103176e-01 
inf -7.479232332504383339e-05 -5.461626060265526643e-05 -7.198685967844695253e-04  -5.723828737824013290e-04 -3.543832770240249201e-04 5.176766500644120307e-04 9.999996394005473688e-01 
inf -3.887827372237259737e-05 -8.587190914843655229e-05 -9.937314903924261873e-04  -8.296284554596330138e-04 -9.383892855941158718e-06 5.092196836451954580e-04 9.999995261618288556e-01 
inf 4.270316885638364261e-05 -2.135419227457463563e-04 -7.378231864970301399e-04  -1.380719513469976260e-03 3.320071698566570001e-04 5.111931895894130263e-04 9.999988610325449834e-01 
inf -3.109499970563934829e-04 -1.164290161640841562e-04 -2.550907606053717347e-04  -8.474131334783001216e-04 -4.790315544384355940e-05 6.185436289145165379e-04 9.999994484998719901e-01 
inf -2.228687539511281816e-04 -1.993787054570167244e-04 -2.202337904497916031e-04  -1.158527171406488303e-03 -1.113973818833915259e-03 4.534995468939893534e-04 9.999986056066703100e-01 
inf -5.920092536222461461e-04 -1.695207147799649154e-04 1.205661534563351716e-03  -1.652589561435968777e-03 -2.126392424752948044e-03 6.943847235156786141e-05 9.999963712840641561e-01 
inf -4.771350875081331773e-04 3.318084257286868467e-06 2.675574785910752283e-03  -2.156160433688141670e-03 -4.667451623322341203e-03 1.004584856141573315e-04 9.999867778003971308e-01 
inf -7.094322169043281237e-04 -7.991010729849291135e-05 4.556330829049890299e-03  -3.899125998728896272e-03 -5.874031088312342726e-03 -2.743565102206311124e-04 9.999751083420651554e-01 
inf -7.580711592394922789e-04 1.677570753116974843e-04 7.736829612462427751e-03  -6.327121432576030338e-03 -8.123927092829394750e-03 3.840737349517477561e-04 9.999469095058667323e-01 
inf -3.227731856520353517e-04 -2.639996687235789032e-04 1.009591537418995551e-02  -8.331903139761885971e-03 -1.014157459204403401e-02 1.305874689390694107e-03 9.999130074892311759e-01 
inf -6.451599360441197858e-04 2.042039031692796224e-04 1.213652682217207686e-02  -9.813078417186449701e-03 -1.020746237661421425e-02 2.043148685981769491e-03 9.998976631372108459e-01 
inf -8.496758248253220153e-04 1.988605174716901217e-04 1.477832668137464209e-02  -1.227879154798817637e-02 -1.228995488948865164e-02 3.067458698399115353e-03 9.998443773828350478e-01 
inf -1.027246683116036065e-03 4.647468865732314264e-04 1.714907031830027739e-02  -1.366674591735419532e-02 -1.410054229149430502e-02 3.729427995242097938e-03 9.998002231095692860e-01 
inf -9.781706997971663896e-04 5.504230691000021672e-04 1.935639698039955808e-02  -1.476502516937685042e-02 -1.585284789970194813e-02 3.677107511791133550e-03 9.997585509139510496e-01 
inf -1.355314198325306956e-03 6.156177176818923742e-04 2.182155383755632685e-02  -1.601253614911664000e-02 -1.724694056589869129e-02 3.146955219202742220e-03 9.997180794604236809e-01 
inf -1.607809357274670760e-03 8.361433790882111467e-04 2.420557754977131423e-02  -1.715578951285262610e-02 -1.929471711305618190e-02 2.659452172187082384e-03 9.996631032962363106e-01 
inf -9.966896598541403335e-04 1.574280684052534619e-03 2.671163605680226469e-02  -1.821344044890617353e-02 -2.163138334072901847e-02 2.153040436136470417e-03 9.995977782381576526e-01 
inf -1.768757671503820572e-03 1.798575228103029260e-03 2.975128028368149991e-02  -2.023278891288727080e-02 -2.275529351256237037e-02 1.387997007382048504e-03 9.995353442146361900e-01 
inf -1.894906067170872834e-03 2.227499029143331817e-03 3.304904970390221824e-02  -2.283938641609780523e-02 -2.533171238824291974e-02 1.496527139051455997e-03 9.994170436720286599e-01 
inf -2.156071489649252423e-03 2.685277958349946946e-03 3.657895128720279471e-02  -2.584615915127892738e-02 -2.756846667335138834e-02 1.570114286236341545e-03 9.992844892439466387e-01 
inf -2.642035200143030664e-03 3.195706901687548826e-03 4.004185385665953723e-02  -2.829798431954838947e-02 -3.041744827766177869e-02 2.002114397468203466e-03 9.991346227919768452e-01 
inf -2.597009889887512153e-03 3.577746905644362593e-03 4.281508657476307267e-02  -3.093636320645532303e-02 -3.324253947838216872e-02 2.181531291921623601e-03 9.989660234071070510e-01 
inf -2.953916795343874534e-03 3.951235789297190965e-03 4.506309400321348996e-02  -3.365653648679309967e-02 -3.506758874627613487e-02 2.225897318808560833e-03 9.988155721415046262e-01 
inf -2.914062625128630967e-03 4.066245330058146194e-03 4.631104349596987246e-02  -3.517934734260310531e-02 -3.692009024579816917e-02 2.307160879519454168e-03 9.986961487186514219e-01 
inf -2.745753009557864131e-03 4.072080695917585334e-03 4.678583851383735087e-02  -3.624045258990751806e-02 -3.764237893630330983e-02 2.367222548605941914e-03 9.986311016393890627e-01 
inf -2.733347924357279208e-03 4.022498986045697569e-03 4.593131401644726802e-02  -3.622482032432813859e-02 -3.802345412711054945e-02 2.701733705164833643e-03 9.986163827835491391e-01 
inf -2.132822637594879167e-03 3.681267278958416916e-03 4.394165551153947358e-02  -3.574697829636298840e-02 -3.891320629356643385e-02 2.838875875626534640e-03 9.985989468762704879e-01 
inf -1.575569412950212408e-03 3.250136172742398334e-03 4.081979931087112434e-02  -3.463080545725727433e-02 -3.876034272525583080e-02 2.343725526654467928e-03 9.986455077232651023e-01 
inf -1.267198633182901706e-03 2.637437110422787521e-03 3.705561180149045952e-02  -3.364320447500888239e-02 -3.862013522389756703e-02 2.125295545182074100e-03 9.986851871670001657e-01 
inf -3.109946600642918366e-04 1.706598692310421156e-03 3.224305812239582764e-02  -3.171798504252661133e-02 -3.926201790357493338e-02 1.914431895156876000e-03 9.987235845445426863e-01 
inf 1.859450666221794000e-03 1.312043735972892589e-03 2.592906080944121922e-02  -2.923324685034452142e-02 -3.776399161743738270e-02 1.081885811537912486e-03 9.988584122581116720e-01 
inf 2.563334868992901520e-03 3.967615786068172216e-04 2.057713990903157694e-02  -2.869866441174173666e-02 -3.515853853486423930e-02 -4.246900325067981714e-04 9.989695107797089690e-01 
inf 4.614763111849624205e-03 7.308346531043418510e-04 1.433714759123241866e-02  -2.681497897011275375e-02 -3.421063219341838324e-02 -3.299589607871534699e-03 9.990493993072507850e-01 
inf 5.262520797393984741e-03 7.741333052484951913e-04 9.029755248276236795e-03  -2.837083372379226379e-02 -3.241056540674688846e-02 -6.339212840570220518e-03 9.990517831546039673e-01 
inf 5.829714648232990452e-03 5.865500267674785603e-04 4.169449670847574091e-03  -2.928899273385133714e-02 -3.202710071869428743e-02 -7.274069597453336998e-03 9.990312846130907642e-01 
inf 6.460441290536401288e-03 9.376708461950533039e-04 -9.023308562645512496e-04  -3.012891410545871784e-02 -3.351526560501783686e-02 -8.016320883737944325e-03 9.989518076993203488e-01 
inf 7.658451342724433182e-03 3.262214563880390340e-04 -5.569883481794686911e-03  -3.183926494521951284e-02 -3.537965671327567702e-02 -8.094404784712572187e-03 9.988338308796814724e-01 
inf 8.153122330278411017e-03 -8.462010003188098501e-05 -1.060269211164746248e-02  -3.195172160082930535e-02 -3.743724943175465170e-02 -8.245091614660117474e-03 9.987540028986083840e-01 
inf 8.551183372132826685e-03 -7.117785085310512948e-04 -1.586895532078258508e-02  -3.166529467725622687e-02 -3.948856233836673529e-02 -8.627613520795359217e-03 9.986808934000827032e-01 
inf 8.971164860732613877e-03 -1.415394734096319480e-03 -2.161848455421677001e-02  -3.080107563379002461e-02 -4.247255260652438302e-02 -8.986034731293762040e-03 9.985823086729984643e-01 
inf 9.265253270839105687e-03 -2.218732893632527087e-03 -2.730312427718900939e-02  -2.927112265009806924e-02 -4.509206761087172083e-02 -9.478883605687252537e-03 9.985089171274181830e-01 
inf 9.942292731630863675e-03 -2.661176620512876664e-03 -3.347832359553539611e-02  -2.723882351267161925e-02 -4.780972211211918788e-02 -8.932183533774052525e-03 9.984450375771950492e-01 
inf 1.085292826857779148e-02 -3.096701740921882755e-03 -3.932471318360829943e-02  -2.509806092477549419e-02 -5.178859451504303629e-02 -7.874984395460804532e-03 9.983115813395855298e-01 
inf 1.172163504835359304e-02 -3.195920337022477298e-03 -4.552071023576863967e-02  -2.282503145716871171e-02 -5.497752995320162595e-02 -7.078646675910715488e-03 9.982015737817997447e-01 
inf 1.247209632806741200e-02 -3.434781481423314874e-03 -5.166562692781526134e-02  -2.098311011187220521e-02 -5.819771864712715292e-02 -6.377609202682166419e-03 9.980641566227897998e-01 
inf 1.358041988685643880e-02 -3.510525092758970660e-03 -5.782128372826442209e-02  -1.946715848507381622e-02 -6.167074889229558210e-02 -5.098353697686790198e-03 9.978936592949940732e-01 
inf 1.456966934608619306e-02 -3.630096321413712242e-03 -6.385015070031689610e-02  -1.793853346385944694e-02 -6.466371715717823820e-02 -4.099605776975978437e-03 9.977374433853105629e-01 
inf 1.613831369108768496e-02 -3.524906792188351335e-03 -7.039714452036657799e-02  -1.627598682140101588e-02 -6.710626776752173783e-02 -3.254562934414798915e-03 9.976077630508942695e-01 
inf 1.686392066078686372e-02 -3.295323346968845324e-03 -7.654703836232691627e-02  -1.537907417583330751e-02 -6.852558438564509968e-02 -2.503796471023169660e-03 9.975276734834637171e-01 
inf 1.788900566547232951e-02 -3.352055179985281071e-03 -8.269210020992028010e-02  -1.431549227919665275e-02 -7.060775248909081925e-02 -2.047067194315676901e-03 9.973993289977417520e-01 
inf 1.938397840651687534e-02 -3.114900277319173141e-03 -8.893947909130428542e-02  -1.358449580486390494e-02 -7.151025284310880137e-02 -1.761162154497582190e-03 9.973457993694603285e-01 
inf 1.954996498803722449e-02 -3.330453465985364590e-03 -9.529144805842008903e-02  -1.229827341090896330e-02 -7.224231377442011381e-02 -1.287104941916941865e-03 9.973104551404728957e-01 
inf 2.079815479776135970e-02 -3.177612096444712257e-03 -1.017905521884791276e-01  -1.019593370209841664e-02 -7.429144719932823104e-02 -6.018998952155003943e-04 9.971842665854129262e-01 
inf 2.184955971138183295e-02 -3.116786689355477511e-03 -1.076299486677535500e-01  -8.812547157855083607e-03 -7.481126008606617250e-02 -1.758722639070315491e-04 9.971587553874620147e-01 
inf 2.193212576678033043e-02 -3.531935648544391737e-03 -1.133441160351816301e-01  -7.055078449893248740e-03 -7.533822329987840960e-02 3.265314538664023823e-04 9.971330259074228097e-01 
inf 2.265027512058144857e-02 -3.591775673707584687e-03 -1.196962377785892040e-01  -4.388244363241801567e-03 -7.632897850573229503e-02 7.638965313303083295e-04 9.970727389783402561e-01 
inf 2.303868388739839512e-02 -4.150352864093021475e-03 -1.252879111413454927e-01  -2.973778714350032524e-03 -7.611943794024153553e-02 1.170383806674702180e-03 9.970935853818160277e-01 
inf 2.354831054351125275e-02 -4.246815445385532413e-03 -1.312512545377839679e-01  7.993921698227440082e-05 -7.679087750917254485e-02 1.752955770237627203e-03 9.970456769311827339e-01 
inf 2.455262190483255627e-02 -3.921708910071839381e-03 -1.383000602438611837e-01  2.660001437530644473e-03 -7.638679534944514682e-02 2.245076614198033942e-03 9.970721847086050360e-01 
inf 2.481018785596608017e-02 -3.891870877324008111e-03 -1.441741091332633395e-01  4.057820842555437922e-03 -7.448643501565732628e-02 2.271445569245885213e-03 9.972111840646864511e-01 
inf 2.422869640712579931e-02 -3.989985039515486082e-03 -1.503516739533209690e-01  6.403268684806832055e-03 -7.300264458032795778e-02 2.992254579458843936e-03 9.973067022972221807e-01 
inf 2.516824184495012121e-02 -3.384819371174768721e-03 -1.564028736559296140e-01  8.642212212726679832e-03 -7.262715923199832002e-02 3.584576373697125670e-03 9.973152754882386173e-01 
inf 2.534815612480460431e-02 -2.926843905373708015e-03 -1.613989226577788039e-01  9.517402994686135001e-03 -7.110829629855930367e-02 3.748305974947163752e-03 9.974161515837164371e-01 
inf 2.463004892898744760e-02 -2.839187947023386321e-03 -1.660376213479297647e-01  1.038393234452947116e-02 -7.045972663648000789e-02 3.963446840263860904e-03 9.974527016157312964e-01 
inf 2.491513316383988860e-02 -2.521746069983790521e-03 -1.697534732284930459e-01  1.147247349727898574e-02 -7.232468668282227009e-02 4.745351850780158212e-03 9.973038672761166401e-01 
inf 2.562887784263497351e-02 -3.484800090287295139e-03 -1.739150756292638378e-01  1.224865776813697203e-02 -7.358126124689017000e-02 5.074297965326090946e-03 9.972010929979745475e-01 
inf 2.572120419475922015e-02 -3.023264788117306125e-03 -1.781211807122342616e-01  1.431980582481609532e-02 -7.473683622206436783e-02 5.276808725628738539e-03 9.970865076623637302e-01 
inf 2.606746285340742417e-02 -2.563831702980752091e-03 -1.821057904623016588e-01  1.592576167313424981e-02 -7.536135392919848797e-02 5.127580369403973194e-03 9.970159198170528425e-01 
inf 2.524752727981461817e-02 -2.176420602267780877e-03 -1.857384773989191051e-01  1.747589749506471210e-02 -7.568818780612998620e-02 5.229141811749983722e-03 9.969646670315245318e-01 
inf 2.543742061413421102e-02 -2.069745260075398288e-03 -1.890341299850883394e-01  1.944264415784962077e-02 -7.774473173050512609e-02 5.410772456644848995e-03 9.967690122680005205e-01 
inf 2.584258296044043834e-02 -1.159189818698385917e-03 -1.927035497380030216e-01  2.103152920190233185e-02 -7.895269862478991596e-02 5.114691204674853657e-03 9.966433595289607705e-01 
inf 2.581376252854735223e-02 -1.373965199367196358e-03 -1.952318702295893216e-01  2.214393230628276463e-02 -8.060602815163975254e-02 5.048893693159000294e-03 9.964872418451261593e-01 
inf 2.579326868431444653e-02 -1.583230125167609491e-03 -1.977607756745964063e-01  2.325631148704817436e-02 -8.225904682877790974e-02 4.983084065283056342e-03 9.963271360672841803e-01 
inf 2.482808626587970288e-02 -2.211386486279964727e-03 -1.998872936095434927e-01  2.449109800036924217e-02 -8.323467781424219447e-02 5.116332258290312227e-03 9.962158388984378998e-01 
inf 2.494689533286444452e-02 -1.909119038279860755e-03 -2.024119916681807740e-01  2.685605318271044872e-02 -8.431498857647874712e-02 5.115128591027451842e-03 9.960640393911893709e-01 
inf 2.273983374088997186e-02 -3.330618484322368268e-03 -2.040381361277017469e-01  2.796427045152536858e-02 -8.548140815783281110e-02 5.560039184142542487e-03 9.959317317977868234e-01 
inf 2.244724786536203553e-02 -2.866266599491620968e-03 -2.050305592021455792e-01  3.092398783588644687e-02 -9.001217990925265700e-02 6.493969306822762119e-03 9.954392712802485610e-01 
inf 2.220892074504099770e-02 -3.080639924050761289e-03 -2.055655222533722681e-01  3.214050717187898198e-02 -9.375366657289321837e-02 6.783392038202067445e-03 9.950533771588985221e-01 
inf 2.081255998594677345e-02 -3.163216028508688844e-03 -2.053274377849523269e-01  3.352248510759906625e-02 -9.686837976324845501e-02 6.815740205840607399e-03 9.947091563264612857e-01 
inf 1.977719924902686388e-02 -4.934306053653631299e-03 -2.046284898240526007e-01  3.419588814031941648e-02 -1.016239231024046313e-01 6.687976585741974879e-03 9.942124976365765976e-01 
inf 2.012414921599011211e-02 -4.642345785259145013e-03 -2.043805259470438951e-01  3.730715825979847439e-02 -1.057204989230189768e-01 6.376085964484259905e-03 9.936753481785788322e-01 
inf 1.889447574630499782e-02 -5.334991446455199932e-03 -2.055457978734842039e-01  3.867509002392505862e-02 -1.074811466717919411e-01 6.415560054806234910e-03 9.934338836132685646e-01 
inf 1.848295446083430757e-02 -7.051433323597267218e-03 -2.052410103234133532e-01  3.930432882946221368e-02 -1.104831150313373145e-01 6.447720308813814465e-03 9.930795929486503359e-01 
inf 1.788353943980518918e-02 -7.143948972687396565e-03 -2.047391776034347410e-01  4.162997732527407707e-02 -1.136439413374883273e-01 7.210336596709997735e-03 9.926227937294915815e-01 
inf 1.633172742745100242e-02 -7.874039798287671421e-03 -2.049459846109200345e-01  4.294132279265659019e-02 -1.162302014239324777e-01 7.853780504836680582e-03 9.922625162755825956e-01 
inf 1.574317530377895846e-02 -8.901569292929893684e-03 -2.043406807294485261e-01  4.460411188185983006e-02 -1.197078061116192416e-01 8.643642957206369715e-03 9.917690264348860696e-01 
inf 1.517116820890785159e-02 -9.099230651233466277e-03 -2.051538879693595718e-01  4.690087817006791115e-02 -1.220116015218407207e-01 9.307692718082226715e-03 9.913762371457255362e-01 
inf 1.518218680679474068e-02 -8.778250398448005087e-03 -2.054154639948572725e-01  4.890962737291471712e-02 -1.241698200939130858e-01 1.032983827686019540e-02 9.910010083593566721e-01 
inf 1.420941630510508431e-02 -9.962626912621248138e-03 -2.056476611148508049e-01  4.994532378484117102e-02 -1.261739166087741115e-01 1.120298873358521567e-02 9.906866812686363488e-01 
inf 1.281535168108290448e-02 -1.075026006748672214e-02 -2.055194320377186079e-01  5.183005273555653381e-02 -1.290238247632689017e-01 1.210653877746127594e-02 9.902120631439088605e-01 
inf 1.145422475841013921e-02 -1.120601366866563753e-02 -2.059132005323311698e-01  5.366799611001722009e-02 -1.321836072252898786e-01 1.321268085772599361e-02 9.896831135464509988e-01 
inf 1.048235844107526724e-02 -1.154068923520364456e-02 -2.055138883051321474e-01  5.608341988406407436e-02 -1.363367050982851603e-01 1.419396663061926224e-02 9.889719329527708602e-01 
inf 8.904141824042926742e-03 -1.097385356656873853e-02 -2.060521276821656311e-01  5.863821520623331562e-02 -1.393795228964612165e-01 1.490031367620823360e-02 9.883890372555398374e-01 
inf 7.514720043314816050e-03 -1.210007482585300290e-02 -2.056952000500878730e-01  6.034408701460512725e-02 -1.435960361016792031e-01 1.546873539220502622e-02 9.876737760027979318e-01 
inf 6.152204859881047969e-03 -1.189837973174128101e-02 -2.054544840291093466e-01  6.348651701058291574e-02 -1.490836804276769456e-01 1.566703790992295814e-02 9.866600540769512317e-01 
inf 4.862959534872876924e-03 -1.240557042590116447e-02 -2.064489508519350980e-01  6.578962853062698957e-02 -1.541323767767974473e-01 1.536970433877250797e-02 9.857376463316576132e-01 
inf 3.604662958859467317e-03 -1.240235120688144149e-02 -2.064285088467230633e-01  6.786621630860906196e-02 -1.595547907012679345e-01 1.518734747729027362e-02 9.847364063163460690e-01 
inf 2.404696679695424513e-03 -1.309872932827339104e-02 -2.061079142836158562e-01  6.978873944205438162e-02 -1.654179382497062700e-01 1.528084467243565232e-02 9.836325194595806343e-01 
inf 1.980563606710197995e-04 -1.294856182491556373e-02 -2.068594382541980303e-01  7.217703397842918644e-02 -1.718455609439941134e-01 1.519936585463753202e-02 9.823586708669790335e-01 
inf -1.278142174853134699e-03 -1.352387431776617618e-02 -2.065438126507367911e-01  7.377762604442049399e-02 -1.792145769597827676e-01 1.463977729501853529e-02 9.809305144714013380e-01 
inf -2.573251760607764629e-03 -1.392900816279897883e-02 -2.061908652810776899e-01  7.603464014281806349e-02 -1.871666494308466266e-01 1.412315803570414995e-02 9.792792835786332528e-01 
inf -4.200758955753470039e-03 -1.434653278553285963e-02 -2.064819544107835692e-01  7.831971514215230190e-02 -1.948372564341699364e-01 1.334289951014232603e-02 9.776126189641375364e-01 
inf -5.841715059730916322e-03 -1.477776812012689990e-02 -2.068113697149225327e-01  8.060636518677197215e-02 -2.025030517000465657e-01 1.256397742146013984e-02 9.758776943935638659e-01 
inf -7.060732815263406383e-03 -1.503434342217765951e-02 -2.069037989702608993e-01  8.320426652204875040e-02 -2.108350429070756649e-01 1.175577886216854460e-02 9.739031966156816988e-01 
inf -8.966612363797421548e-03 -1.506823835357775851e-02 -2.076406945619997668e-01  8.503198784227378182e-02 -2.182833701055199027e-01 1.033574967801095985e-02 9.721188732133336785e-01 
inf -1.092629195945563243e-02 -1.549822821334892291e-02 -2.080802379566644433e-01  8.725350349376594095e-02 -2.267136076944926137e-01 8.617500583449627313e-03 9.700069612626011084e-01 
inf -1.291283101805640668e-02 -1.579663820391808207e-02 -2.100261055122493448e-01  8.995331612357232443e-02 -2.340028512403325156e-01 5.386311235669754074e-03 9.680506464958534840e-01 
inf -1.463443610316302046e-02 -1.611217647777683087e-02 -2.108908820142091078e-01  9.179037684552227017e-02 -2.411060296038608219e-01 2.070151773721317159e-03 9.661460157133873183e-01 
inf -1.678713913802269697e-02 -1.693749673037605805e-02 -2.122535807926561324e-01  9.400272708919368836e-02 -2.476194956207249664e-01 -1.218036431372223997e-03 9.642855329598096770e-01 
inf -1.845295440141866625e-02 -1.701056804241776396e-02 -2.130931037403762107e-01  9.683336498936685743e-02 -2.539822744468820392e-01 -3.945927188114794690e-03 9.623412769648046483e-01 
inf -2.045195189865239502e-02 -1.620449863004758823e-02 -2.141560541331865852e-01  9.972602728816133688e-02 -2.588411685494920178e-01 -5.780986683277708829e-03 9.607406253189370027e-01 
inf -2.174615834326627806e-02 -1.676876774722699942e-02 -2.149460943674000035e-01  1.015815393960106811e-01 -2.637608290173139580e-01 -6.789761173293313787e-03 9.592003518938291284e-01 
inf -2.322694145919377076e-02 -1.683876306046126065e-02 -2.160360145977759661e-01  1.033961556825025579e-01 -2.686741015843783775e-01 -7.980700965681699829e-03 9.576323775541443206e-01 
inf -2.446979736820565493e-02 -1.720602554810978652e-02 -2.166529680832368909e-01  1.048385794589618836e-01 -2.728466218486264583e-01 -8.616318026067116762e-03 9.562893663878592188e-01 
inf -2.573020880663897184e-02 -1.739419406169787422e-02 -2.185001175768321036e-01  1.067223801404719591e-01 -2.758218487594207291e-01 -8.801990003058045992e-03 9.552251914057092730e-01 
inf -2.709914946021751286e-02 -1.783650357283211516e-02 -2.187593220166537678e-01  1.077715378379465877e-01 -2.805192356963962519e-01 -8.311331322740277139e-03 9.537427199239831843e-01 
inf -2.813858188131953403e-02 -1.821357707194134687e-02 -2.192991698527577971e-01  1.094022116740862305e-01 -2.852327930522819965e-01 -8.496494584341707235e-03 9.521560898446171928e-01 
inf -2.918341539686614139e-02 -1.863308238221664942e-02 -2.197945955327533507e-01  1.102901230752863782e-01 -2.882623946148172855e-01 -8.729394641932106125e-03 9.511386220063586805e-01 
inf -3.037483690947478943e-02 -1.939412763605006737e-02 -2.196179235753823455e-01  1.114092167922450805e-01 -2.926702265661283997e-01 -8.598724209291624260e-03 9.496621435212851958e-01 
inf -3.084181186762811194e-02 -2.026250171745953496e-02 -2.204868598929841661e-01  1.130850560521078768e-01 -2.966672165093098279e-01 -9.533866170095729384e-03 9.482138145704062104e-01 
inf -3.144949631465718265e-02 -2.068796919145357918e-02 -2.216339305930592196e-01  1.144839890437819030e-01 -2.996199913913685231e-01 -9.709740579254170362e-03 9.471150922401897487e-01 
inf -3.212238932029920502e-02 -2.104398501254712769e-02 -2.220882491769860245e-01  1.162818667558389307e-01 -3.033256385299563096e-01 -9.835239351819225623e-03 9.457142023577017609e-01 
inf -3.246086888739863757e-02 -2.129454108960983014e-02 -2.229695390510774422e-01  1.179702388986209882e-01 -3.054404549977369765e-01 -9.991627493119424955e-03 9.448223740815077099e-01 
inf -3.263445127351325553e-02 -2.191489787927725780e-02 -2.239407227884804286e-01  1.194811966442704404e-01 -3.081696622324510693e-01 -1.013524435358909709e-02 9.437441283260432634e-01 
inf -3.317471994041307215e-02 -2.193021338736918929e-02 -2.255422021993269133e-01  1.216749487092083915e-01 -3.103344114888648697e-01 -1.041274037704459712e-02 9.427509399307495430e-01 
inf -3.361363912581765562e-02 -2.242718635135213315e-02 -2.267760467541605207e-01  1.230762755608266340e-01 -3.124857995989066550e-01 -1.046920020841386051e-02 9.418573412625202979e-01 
inf -3.376328178667328123e-02 -2.296226494891290618e-02 -2.276683580425974407e-01  1.255221321536584833e-01 -3.151674784533431972e-01 -1.035182972266537708e-02 9.406415334687033836e-01 
inf -3.404944731680198400e-02 -2.362352710844914383e-02 -2.286782218326832150e-01  1.277508261329791117e-01 -3.180278446278410054e-01 -1.090700780493204965e-02 9.393716270169406579e-01 
inf -3.428213538527032783e-02 -2.415100307517233785e-02 -2.297083981243136785e-01  1.303933120476144514e-01 -3.204555996719875566e-01 -1.170771051324526885e-02 9.381730769568364936e-01 
inf -3.447940765289585208e-02 -2.479675286408972168e-02 -2.315293748534303642e-01  1.329786064142497726e-01 -3.231755110804900299e-01 -1.226690082137710594e-02 9.368691490374878583e-01 
inf -3.466894111719293764e-02 -2.544096738951629258e-02 -2.333566112365276224e-01  1.355654397749538331e-01 -3.258916523891656758e-01 -1.282578818097661333e-02 9.355491123394962250e-01 
inf -3.517552997644558810e-02 -2.504122379881584814e-02 -2.346742009424290509e-01  1.386383226628308540e-01 -3.283650663662692759e-01 -1.313801977634633002e-02 9.342286610438949035e-01 
inf -3.590996948185729010e-02 -2.550319854552637530e-02 -2.353820432604687984e-01  1.408161628095088991e-01 -3.317908116476012137e-01 -1.335211640870805419e-02 9.326882579861506262e-01 
inf -3.608469988162213427e-02 -2.504294121927220368e-02 -2.376258120843955102e-01  1.442985516052670558e-01 -3.341691092561807630e-01 -1.380285285769776438e-02 9.312993158359677004e-01 
inf -3.664880705210540879e-02 -2.575994869183663438e-02 -2.385674777147609726e-01  1.466659369542806790e-01 -3.368210161799366498e-01 -1.361302812436883045e-02 9.299760166058708144e-01 
inf -3.719178932260851222e-02 -2.625634891976331639e-02 -2.392146574715320051e-01  1.501461691426597134e-01 -3.394132530478228271e-01 -1.388343857121074679e-02 9.284729515073218975e-01 
inf -3.739819187000355261e-02 -2.639686741897117814e-02 -2.404530711104416185e-01  1.539431900566419764e-01 -3.414198713909933347e-01 -1.397114909337988237e-02 9.271131390761069291e-01 
inf -3.783354485549794699e-02 -2.692019459397776426e-02 -2.416426717425828874e-01  1.572367363995948175e-01 -3.436167949284790746e-01 -1.445574782474349888e-02 9.257403190551394268e-01 
inf -3.849646187290575033e-02 -2.716035672555048436e-02 -2.422200255852628159e-01  1.606788961752878553e-01 -3.460196419236417076e-01 -1.506393545479690552e-02 9.242433540878395304e-01 
inf -3.881435815004055656e-02 -2.721539786426003735e-02 -2.430435996689474243e-01  1.639256075082294040e-01 -3.477338181957712049e-01 -1.606578291570820438e-02 9.230121762497792703e-01 
inf -3.892750692814812147e-02 -2.753426644036113813e-02 -2.442105852544128319e-01  1.662609215200172852e-01 -3.489450183927558791e-01 -1.701167684165654989e-02 9.221199937997380802e-01 
inf -4.014243529479076533e-02 -2.836907405745901778e-02 -2.446436498419415628e-01  1.684108806797630364e-01 -3.509404308626463687e-01 -1.799721773576297076e-02 9.209531418092770094e-01 
inf -4.034119498849352004e-02 -2.876325706387949585e-02 -2.460171325724521130e-01  1.706733179092568831e-01 -3.530601358057698924e-01 -1.952846079893290343e-02 9.196944048310186082e-01 
inf -4.093072092722892935e-02 -2.908851743799645631e-02 -2.465522969940143472e-01  1.726401475058747248e-01 -3.551698524964666537e-01 -2.096891851895623868e-02 9.184824765900181376e-01 
inf -4.146346259854847421e-02 -2.919277990560366701e-02 -2.470496511079900426e-01  1.741445267256007123e-01 -3.560553105259577356e-01 -2.220678583770815603e-02 9.178263225254211788e-01 
inf -4.229414550604689016e-02 -2.954007578390212968e-02 -2.483768184315119087e-01  1.747573519558136834e-01 -3.564030433398801545e-01 -2.318330038650495348e-02 9.175506924517317087e-01 
inf -4.217743886318821300e-02 -3.043219484305858050e-02 -2.501547523819655505e-01  1.758936247035264022e-01 -3.576663714516894466e-01 -2.429648841865722150e-02 9.168128926731774486e-01 
inf -4.254809325209301524e-02 -3.073392255263639530e-02 -2.510820949452927109e-01  1.775286685283661292e-01 -3.588454761962958650e-01 -2.469094532394771474e-02 9.160261204152472247e-01 
inf -4.228050268966011827e-02 -3.055716073578274364e-02 -2.519322294211317481e-01  1.791426068882594758e-01 -3.593474276415528634e-01 -2.528591048772802635e-02 9.154987577137851940e-01 
inf -4.235706900453825585e-02 -2.959235590732836943e-02 -2.525143109151598009e-01  1.792126409922643326e-01 -3.559623701132936247e-01 -2.663255170225095267e-02 9.167684154472880431e-01 
inf -4.355563355054010988e-02 -3.182689627574194352e-02 -2.538470340223606403e-01  1.772170730926512228e-01 -3.539310960745222778e-01 -2.652268829616483484e-02 9.179452245322188286e-01 
inf -4.452966209351391647e-02 -3.344685609684530658e-02 -2.545418957725672504e-01  1.790227613770979942e-01 -3.567641006001895376e-01 -2.651856812301338351e-02 9.164971320067301086e-01 
inf -4.400618971684665953e-02 -3.282963671051771642e-02 -2.551609085199513793e-01  1.817709257136507772e-01 -3.580841703168054502e-01 -2.702937422579708773e-02 9.154258410503219867e-01 
inf -4.436945921441245305e-02 -3.310689846411836446e-02 -2.563370342346942277e-01  1.823597415531806598e-01 -3.581177009021135893e-01 -2.749537648257673050e-02 9.152817277938650742e-01 
inf -4.549809404527103973e-02 -3.376758517485574373e-02 -2.571353098833286666e-01  1.831516383713720775e-01 -3.594426974602500380e-01 -2.744832890312688678e-02 9.146053869537436043e-01 
inf -4.548087936264996745e-02 -3.345652341784519090e-02 -2.584479436352573600e-01  1.847753930631521602e-01 -3.609274508337300680e-01 -2.748001033615853766e-02 9.136926607918811616e-01 
inf -4.599481141049956839e-02 -3.322875157954710557e-02 -2.595844582583561877e-01  1.862727414347718491e-01 -3.605897458586242443e-01 -2.687090955802272710e-02 9.135400676486565841e-01 
inf -4.564585760300667039e-02 -3.323661817471561947e-02 -2.619327255247038133e-01  1.877695113656523418e-01 -3.608132778975360888e-01 -2.628328584320723665e-02 9.131624050406498272e-01 
inf -4.561181938292754867e-02 -3.291733172122032758e-02 -2.626507124583654096e-01  1.899441920658258565e-01 -3.601212563465296390e-01 -2.583220743337867262e-02 9.129986756216991184e-01 
inf -4.557921418241415307e-02 -3.259562808963532149e-02 -2.633675816644048817e-01  1.921179885706249535e-01 -3.594272375551295085e-01 -2.538093902468947782e-02 9.128299662616750076e-01 
inf -4.647230391442962183e-02 -3.271453370546721640e-02 -2.664216718793090410e-01  1.954661789075785860e-01 -3.592977764930060380e-01 -2.471985889632997979e-02 9.121880339527579373e-01 
inf -4.597973531001441766e-02 -3.209630818984998690e-02 -2.677509409729609824e-01  2.000559902796888723e-01 -3.593305638814267011e-01 -2.467549231411774596e-02 9.111806992539541739e-01 
inf -4.569921749212156603e-02 -3.106708860520303317e-02 -2.690559452928796835e-01  2.049424967424490762e-01 -3.585143661253546443e-01 -2.496578920743269120e-02 9.104080028646257539e-01 
inf -4.555130154532077008e-02 -3.035740571676934230e-02 -2.709830148623223467e-01  2.080186226595377719e-01 -3.568312551915748809e-01 -2.479223549785238706e-02 9.103763249361513932e-01 
inf -4.567455452429474566e-02 -3.022446967416056104e-02 -2.723236449560831329e-01  2.109844143995464327e-01 -3.564563370198395309e-01 -2.460169230505290794e-02 9.098457085762434726e-01 
inf -4.539764718706645885e-02 -2.953019075464075396e-02 -2.737488029717347615e-01  2.130618030696008192e-01 -3.554505056284547604e-01 -2.455028111673254743e-02 9.097565002891135899e-01 
inf -4.630835483915148043e-02 -2.933511670130475174e-02 -2.739271153743618181e-01  2.141206899458967805e-01 -3.534531350019800011e-01 -2.434418064588280209e-02 9.102914765958460830e-01 
inf -4.751638872545026898e-02 -3.041782849969775632e-02 -2.751211851133374409e-01  2.144409947842077779e-01 -3.522914739857468391e-01 -2.328186594692764622e-02 9.106940934424350154e-01 
inf -4.858534836434151571e-02 -3.053018815469953767e-02 -2.748373726150073471e-01  2.155944183072429354e-01 -3.514348150048366981e-01 -2.366905414161899618e-02 9.107427702009600612e-01 
inf -4.952484962248575318e-02 -3.069200822280054863e-02 -2.752956298503200783e-01  2.159217213042458616e-01 -3.484011904226833045e-01 -2.439495955178285283e-02 9.118110038431953557e-01 
inf -5.108075630303448439e-02 -3.199133649843122901e-02 -2.760679410352970820e-01  2.157469371798559910e-01 -3.457623697922189709e-01 -2.481267887258688937e-02 9.128449888674122770e-01 
inf -5.205313631334361479e-02 -3.202901000837633100e-02 -2.763124465509379513e-01  2.172713177402340601e-01 -3.434299093902278832e-01 -2.505575690235515088e-02 9.133571485841078808e-01 
inf -5.302770244365192370e-02 -3.303026434247224863e-02 -2.766816405131829470e-01  2.174567288428914669e-01 -3.395358833253969699e-01 -2.620204376601959623e-02 9.147357038608885382e-01 
inf -5.486948560751114812e-02 -3.412535745968448692e-02 -2.783691503565462466e-01  2.189517746980843005e-01 -3.367744059852705862e-01 -2.519892837835523147e-02 9.154278419615661244e-01 
inf -5.707717432872713020e-02 -3.541458279626641392e-02 -2.791526319174864046e-01  2.214683368200548175e-01 -3.373011136802810395e-01 -2.503580996511584403e-02 9.146326818540826409e-01 
inf -5.875636527281111188e-02 -3.567222994524913565e-02 -2.792869519410415280e-01  2.239784243338715231e-01 -3.373869745295772216e-01 -2.533045516145276607e-02 9.139814346539038015e-01 
inf -6.055013755114165008e-02 -3.689584403878579111e-02 -2.800624148376506528e-01  2.261098511073303674e-01 -3.361175000795115775e-01 -2.512547694410210281e-02 9.139300147061873991e-01 
inf -6.300549500552191096e-02 -3.907765979860473166e-02 -2.805436998154419714e-01  2.294579488360315445e-01 -3.365333915525906550e-01 -2.470589164057481954e-02 9.129534188578933840e-01 
inf -6.439354266077008948e-02 -3.894215529483216476e-02 -2.821146237667668810e-01  2.346322954770563851e-01 -3.369086294884776067e-01 -2.434022429430172593e-02 9.115085379614752403e-01 
inf -6.606193285688079231e-02 -3.917598145605205584e-02 -2.833672535498583667e-01  2.382381560360058714e-01 -3.336741084960153092e-01 -2.424574167962777541e-02 9.117654930618716014e-01 
inf -6.823172018986427279e-02 -4.126184053117441103e-02 -2.863713045976423177e-01  2.416586659946777793e-01 -3.331548970659599096e-01 -2.395780760105491874e-02 9.110625264851985872e-01 
inf -6.941112970439849983e-02 -4.105566773237588618e-02 -2.881201500820187444e-01  2.475524610572830131e-01 -3.329288979297438944e-01 -2.403973761561339906e-02 9.095593542826883038e-01 
inf -7.105521858821502168e-02 -4.121502630804591005e-02 -2.883484794709784693e-01  2.533888500081558637e-01 -3.304543926692433686e-01 -2.358322608371136303e-02 9.088662258575957997e-01 
inf -7.270753713673139274e-02 -4.120346661086422141e-02 -2.909619849251145474e-01  2.582371955312995349e-01 -3.281600231176703963e-01 -2.367429421486077698e-02 9.083303792480836858e-01 
inf -7.337199395088636611e-02 -4.082861845417820601e-02 -2.928498469656845016e-01  2.621296184794651984e-01 -3.277845111335079831e-01 -2.323149008281671229e-02 9.073619317809785700e-01 
inf -7.496350258468918726e-02 -4.031341432528971064e-02 -2.946258105985146147e-01  2.646621584192846433e-01 -3.254588576654946497e-01 -2.253577895258025016e-02 9.074814667721414763e-01 
inf -7.639400368595473945e-02 -3.974120237851327259e-02 -2.978936221577686561e-01  2.666389565176474075e-01 -3.243849404829838301e-01 -2.176838758073795788e-02 9.073060203465895812e-01 
inf -7.732926846437596091e-02 -3.886471275343270082e-02 -3.010170357333237234e-01  2.687985029286408256e-01 -3.251432628776797507e-01 -2.194448214899877639e-02 9.063926649812374947e-01 
inf -7.877869806557068200e-02 -3.975828997657717551e-02 -3.022613676062211319e-01  2.701478422856576356e-01 -3.255042843862497315e-01 -2.236244298414016493e-02 9.058515470530367208e-01 
inf -8.065465127191663586e-02 -4.067167994100334694e-02 -3.043121195393744816e-01  2.721952303352751512e-01 -3.253438341800728995e-01 -2.287315511575169907e-02 9.052833616712430143e-01 
inf -8.260122750412290937e-02 -4.202135483349049572e-02 -3.058038230779659417e-01  2.740391903435421272e-01 -3.265988308782665772e-01 -2.408537554784865101e-02 9.042431202445083693e-01 
inf -8.394153483700413088e-02 -4.233297326529932014e-02 -3.063766438691088445e-01  2.768527272054712163e-01 -3.265449654826544923e-01 -2.572637717247037645e-02 9.033598986419558718e-01 
inf -8.580236287482079227e-02 -4.357879210920901497e-02 -3.087015508084017257e-01  2.783946811220308626e-01 -3.260732491398466992e-01 -2.760871343481768533e-02 9.030007733445306606e-01 
inf -8.753230740992452852e-02 -4.463512601709805627e-02 -3.113578521775993146e-01  2.809519965507133454e-01 -3.267360862083887874e-01 -2.914045883324499486e-02 9.019203619291340512e-01 
inf -8.899860053941152649e-02 -4.457682009455499889e-02 -3.133541352951348946e-01  2.841600422834488215e-01 -3.274521164301892329e-01 -3.096145299456077790e-02 9.005940096643569870e-01 
inf -9.057557295077056647e-02 -4.496160489160635348e-02 -3.154995999690734521e-01  2.867146358059564637e-01 -3.279332715222904593e-01 -3.214465890464488634e-02 8.995672337003218777e-01 
inf -9.144464377449670889e-02 -4.532384221950776226e-02 -3.183906353836584158e-01  2.888144254924393528e-01 -3.289718044520614226e-01 -3.317897284885932413e-02 8.984781217501746076e-01 
inf -9.288774225883968116e-02 -4.576769796991729533e-02 -3.205714516604967756e-01  2.915334621994362663e-01 -3.304904792277615910e-01 -3.371972880000599637e-02 8.970213283124701675e-01 
inf -9.389821963507173630e-02 -4.567134956325952927e-02 -3.225094030257488198e-01  2.941301544303458471e-01 -3.313663916229234174e-01 -3.479673079968716859e-02 8.958085477842006039e-01 
inf -9.481537895293981610e-02 -4.589242613959124834e-02 -3.249010192138151454e-01  2.962726624212813631e-01 -3.317685419389219126e-01 -3.593683127022201385e-02 8.949082010126976350e-01 
inf -9.527865897631365710e-02 -4.606009494983043240e-02 -3.280073052833828995e-01  2.983068772546059177e-01 -3.324311654716441411e-01 -3.671964197131280527e-02 8.939542466475945970e-01 
inf -9.544723832828534704e-02 -4.494912690590673748e-02 -3.298026766506123031e-01  3.005494286571449014e-01 -3.332545456361056813e-01 -3.780711947569059123e-02 8.928505308637539883e-01 
inf -9.571804594962944612e-02 -4.531531248376512166e-02 -3.301903418750569696e-01  3.008179575499004832e-01 -3.335840957666830198e-01 -3.800745702131435450e-02 8.926285009329489872e-01 
inf -9.549180903144255383e-02 -4.482964209164980868e-02 -3.298736054253093575e-01  3.009306574298800663e-01 -3.336066433654383268e-01 -3.824806288182411307e-02 8.925718080956027700e-01 
inf -9.488033927842368098e-02 -4.507352952863634410e-02 -3.294444676315665954e-01  3.000108174328971478e-01 -3.339584851814869637e-01 -3.775825547618646277e-02 8.927707173412031683e-01 
inf -9.448612815547843824e-02 -4.505025336019200660e-02 -3.276703702770276672e-01  2.990312757501461527e-01 -3.341209000939490692e-01 -3.670936302845573262e-02 8.930822710756800564e-01 
inf -9.391860734775792086e-02 -4.482462087438196519e-02 -3.247457802312059827e-01  2.971334871368321306e-01 -3.335676627462200727e-01 -3.572116823524722207e-02 8.939621375269979353e-01 
inf -9.394159053582659680e-02 -4.509597473070462575e-02 -3.211581912509625658e-01  2.945686023243410112e-01 -3.327088597780566981e-01 -3.512437167931110188e-02 8.951538592130423577e-01 
inf -9.326049808986680567e-02 -4.535608423620392932e-02 -3.201851781858618962e-01  2.918264238978819369e-01 -3.325417317700287700e-01 -3.412770468843620564e-02 8.961521269957812841e-01 
inf -9.298115144892517281e-02 -4.572576924007678428e-02 -3.167506346546974938e-01  2.894020648172582200e-01 -3.321067488942275325e-01 -3.381864910529729790e-02 8.971108355109231880e-01 
inf -9.301955843572477789e-02 -4.565587488028768903e-02 -3.132156965636997414e-01  2.872917394055448659e-01 -3.310585376930949564e-01 -3.376408484037372176e-02 8.981779821754362070e-01 
inf -9.268284925160272247e-02 -4.626877005695914646e-02 -3.111750468332959429e-01  2.839237296067149696e-01 -3.293982155088379660e-01 -3.409220171916690217e-02 8.998454607140861095e-01 
inf -9.267837550748009301e-02 -4.734774970202890870e-02 -3.089492895899538238e-01  2.800862246623448404e-01 -3.281683687523688220e-01 -3.458959439366505323e-02 9.014770038467345703e-01 
inf -9.266275478258825804e-02 -4.767061521185843309e-02 -3.059057984660714102e-01  2.762712607407724064e-01 -3.279080784733955367e-01 -3.533057496176748163e-02 9.027193545246831041e-01 
inf -9.339562253257253921e-02 -4.839420070362935450e-02 -3.027152762042770173e-01  2.722229694050044557e-01 -3.273288764578820564e-01 -3.576969209555953821e-02 9.041410236752513985e-01 
inf -9.402451518716266332e-02 -4.874484934570106481e-02 -2.994407028811727489e-01  2.677148514244788169e-01 -3.277650727969688704e-01 -3.733210815512272296e-02 9.052652258216158376e-01 
inf -9.500650689618617140e-02 -4.967235200710484050e-02 -2.947209962400001992e-01  2.622846893641609944e-01 -3.278440215750465514e-01 -3.829770705419079102e-02 9.067846077636283475e-01 
inf -9.567153392671040590e-02 -5.101018394608759082e-02 -2.921883950496055871e-01  2.573588904259596633e-01 -3.287291881341631306e-01 -3.935727585459605077e-02 9.078295694813416361e-01 
inf -9.621853353776535500e-02 -5.239586867258429898e-02 -2.896874909428273637e-01  2.533499099007485156e-01 -3.305185096474428930e-01 -4.028541061224379799e-02 9.082667139257711852e-01 
inf -9.587205087286319871e-02 -5.213852141176044536e-02 -2.870797400063566096e-01  2.494894595302604989e-01 -3.314847542204151787e-01 -4.309407054149002464e-02 9.088540963140863127e-01 
inf -9.633608235588773938e-02 -5.320776926736448670e-02 -2.852967056198555951e-01  2.432951409610928650e-01 -3.313130005596972572e-01 -4.539091793464136021e-02 9.104827481143740187e-01 
inf -9.681289711085272476e-02 -5.344362034172594339e-02 -2.826301942678065560e-01  2.388039540079724410e-01 -3.323034040071933815e-01 -4.849570142180779225e-02 9.111505288255048463e-01 
inf -9.642461150981597451e-02 -5.281128115766810932e-02 -2.815048032364275699e-01  2.338475091873268297e-01 -3.318071694471150801e-01 -5.180358344743000304e-02 9.124339611678106143e-01 
inf -9.678879465072910693e-02 -5.360929380660488242e-02 -2.786293901554334762e-01  2.286836939239294542e-01 -3.321377939070769281e-01 -5.476449642427770603e-02 9.134490155029134639e-01 
inf -9.676505388589018430e-02 -5.366918692662145385e-02 -2.763072855165930042e-01  2.246270671838884458e-01 -3.312215563870819501e-01 -5.724967722529106240e-02 9.146351380361920080e-01 
inf -9.706866779010935031e-02 -5.508031243043242514e-02 -2.745030432462873260e-01  2.206335323166119522e-01 -3.317509276269378082e-01 -5.866596875547654133e-02 9.153253359031106040e-01 
inf -9.697223459113156474e-02 -5.557212716188998647e-02 -2.718432277595997926e-01  2.200077945825202330e-01 -3.327151499935289691e-01 -5.881218820602571173e-02 9.151165640540761537e-01 
inf -9.680114691574910613e-02 -5.541870642330300190e-02 -2.686938522341930091e-01  2.191373807808613128e-01 -3.318154929789652319e-01 -5.816841474920445010e-02 9.156930285249498258e-01 
inf -9.647544235143283575e-02 -5.548051711015296317e-02 -2.654807637414973720e-01  2.177630567947578533e-01 -3.280138735648138182e-01 -5.692478376387754418e-02 9.174670123976366165e-01 
inf -9.620216558733700463e-02 -5.570877634654766014e-02 -2.642977137028307277e-01  2.165625636294889744e-01 -3.237695288419543682e-01 -5.648858918996500084e-02 9.192839536938571809e-01 
inf -9.556664263574583817e-02 -5.605148522720599519e-02 -2.615095150181684369e-01  2.158982638650227548e-01 -3.195923211992467428e-01 -5.569635515648743707e-02 9.209487520556336460e-01 
inf -9.439608090989734523e-02 -5.617681726748322696e-02 -2.590191738106275010e-01  2.155281575764597113e-01 -3.147583264968992212e-01 -5.416849461781442915e-02 9.227895661435536745e-01 
inf -9.308714219018998648e-02 -5.631124861271603194e-02 -2.564110775585735080e-01  2.151468870775045672e-01 -3.098131561635805720e-01 -5.258380417163472514e-02 9.246418597422785268e-01 
inf -9.152813842680611323e-02 -5.659217166486301548e-02 -2.525841707171119221e-01  2.144705796783855090e-01 -3.040038486111056870e-01 -4.936147201204840046e-02 9.269020852079560280e-01 
inf -9.043490238485148158e-02 -5.678513123572342253e-02 -2.494794976321118019e-01  2.137625911022792424e-01 -2.981242228276794193e-01 -4.611427737922817877e-02 9.291399118703401738e-01 
inf -8.888474758392019004e-02 -5.705893628489219077e-02 -2.463122569199076295e-01  2.133533874179632528e-01 -2.923869654584772548e-01 -4.320292914551262381e-02 9.311947709370534954e-01 
inf -8.758366410027219884e-02 -5.743308000009358233e-02 -2.437685329421809544e-01  2.133189594179251414e-01 -2.873838379424044076e-01 -4.053299844724010670e-02 9.328786776849514739e-01 
inf -8.592695283668604078e-02 -5.776266575165848322e-02 -2.417771931564906551e-01  2.139216779056162254e-01 -2.824690968035106775e-01 -3.842535086803490485e-02 9.343298226449390231e-01 
inf -8.444641481915783621e-02 -5.822718491681636022e-02 -2.399681632905847906e-01  2.152097187716194848e-01 -2.785118732119511442e-01 -3.608286656158010003e-02 9.353148882418742538e-01 
inf -8.237739136982684396e-02 -5.839150170004970414e-02 -2.388063851678962068e-01  2.172341633071857570e-01 -2.753737531870786848e-01 -3.376485173611065704e-02 9.358624627236243887e-01 
inf -8.065878997847726606e-02 -5.843781791537366876e-02 -2.379933485441082519e-01  2.188694791319359123e-01 -2.707289602461983025e-01 -3.210747025449286335e-02 9.368943865465222398e-01 
inf -8.004681849061258403e-02 -5.929564328908404347e-02 -2.373305635651887235e-01  2.198736284692673071e-01 -2.669067245825301193e-01 -2.919678503097887859e-02 9.378507000691734818e-01 
inf -7.933111462136453740e-02 -5.946273888764568721e-02 -2.368147387044967911e-01  2.225020318698553157e-01 -2.642518798371409350e-01 -2.730284959167166361e-02 9.380396282783034501e-01 
inf -7.886311712286286912e-02 -5.943404032958652522e-02 -2.365489363178930882e-01  2.246985359803464477e-01 -2.616110539842186333e-01 -2.535134303119158591e-02 9.383110005579546886e-01 
inf -7.861843442142660288e-02 -5.965605270241023522e-02 -2.360728829068827195e-01  2.280223484703846060e-01 -2.596560216073648397e-01 -2.341255552131067674e-02 9.381025590440779105e-01 
inf -7.847440743000268226e-02 -5.997833648806895346e-02 -2.360346584622951271e-01  2.311325163882962108e-01 -2.570525402827725792e-01 -2.072353166410867073e-02 9.381216800807634648e-01 
inf -7.838611681669305220e-02 -5.991477241319089625e-02 -2.357169358603207199e-01  2.339975651674634505e-01 -2.552006189496107691e-01 -1.950335343380618994e-02 9.379431767374132312e-01 
inf -7.816485545543019886e-02 -6.016703894208619285e-02 -2.357523018699991535e-01  2.362883919769652175e-01 -2.513977427717945523e-01 -1.891782179200791544e-02 9.384077401454191669e-01 
inf -7.832404515565224989e-02 -6.104306055269705100e-02 -2.373741367227920340e-01  2.386087974939040679e-01 -2.497383973202361440e-01 -1.736488680737158924e-02 9.382936828992296530e-01 
inf -7.845949858530651411e-02 -6.067523141780968576e-02 -2.379653286249025501e-01  2.428739042373279644e-01 -2.488260705348757651e-01 -1.706018565897395728e-02 9.374469602745382213e-01 
inf -7.907429391516693218e-02 -6.097224727671371469e-02 -2.382161892521032498e-01  2.462417106074234474e-01 -2.463918223668525587e-01 -1.619154333103196841e-02 9.372267195041072974e-01 
inf -7.964250891546158229e-02 -6.156484292039908490e-02 -2.398220387362617334e-01  2.500404968187325827e-01 -2.461091217326237535e-01 -1.533786294506018708e-02 9.363091370433787031e-01 
inf -8.020797610422167323e-02 -6.214776199098188264e-02 -2.414324207076789797e-01  2.538352333489732882e-01 -2.458225419625806596e-01 -1.448395149618772644e-02 9.353764842686519421e-01 
inf -8.110761478241532152e-02 -6.276854433923967358e-02 -2.431860993685579231e-01  2.566862709523706210e-01 -2.456640151559481011e-01 -1.420010457202649894e-02 9.346441606259399126e-01 
inf -8.173351547258154992e-02 -6.202605706427018889e-02 -2.475339914166775346e-01  2.620666569856875960e-01 -2.467948717541768588e-01 -1.250554587777000584e-02 9.328756454611109028e-01 
inf -8.256987545304031451e-02 -6.085075033733746558e-02 -2.504638185874584200e-01  2.672668142191708118e-01 -2.490039747842560658e-01 -1.273468594752567677e-02 9.308078740172940346e-01 
inf -8.348869414449335002e-02 -6.116691953579275753e-02 -2.524734388734002355e-01  2.707811633572068111e-01 -2.501410503317007539e-01 -1.210029738444467866e-02 9.294948086531087394e-01 
inf -8.484136216112625473e-02 -6.130904341933599705e-02 -2.571746510182808532e-01  2.761671977219395391e-01 -2.526935530013936781e-01 -1.089078847274262997e-02 9.272319223907171670e-01 
inf -8.599233087395706521e-02 -6.067948955945952350e-02 -2.609093725982469247e-01  2.821451852921137426e-01 -2.565824154661349166e-01 -1.218542504814691327e-02 9.243435908288857306e-01 
inf -8.652821363159235446e-02 -6.022951110697048749e-02 -2.646923375432216341e-01  2.868239386149438741e-01 -2.585214816976223462e-01 -1.302128758758349693e-02 9.223497806189571158e-01 
inf -8.741007085338126092e-02 -5.976446336640641593e-02 -2.696690717130625359e-01  2.922505402126968632e-01 -2.620055522410993376e-01 -1.263142716793366760e-02 9.196646994355739402e-01 
inf -8.738067016509742935e-02 -5.830345702274180447e-02 -2.733673963690724240e-01  2.981178365277201148e-01 -2.656273608714112555e-01 -1.270825876744776685e-02 9.167368002101913271e-01 
inf -8.736680574301225466e-02 -5.732175816226300902e-02 -2.778083506779981948e-01  3.031592702503141390e-01 -2.686212316549964618e-01 -1.131172693845997577e-02 9.142259762220276142e-01 
inf -8.730396698176710879e-02 -5.581482765660140261e-02 -2.835505595157644665e-01  3.082512707189156709e-01 -2.726602073894803246e-01 -9.958184937605567971e-03 9.113387953770254457e-01 
inf -8.792411659113857914e-02 -5.207656868796938648e-02 -2.863103775460302813e-01  3.132654903299709748e-01 -2.764366899282762469e-01 -1.015086083861914575e-02 9.084846994055848501e-01 
inf -8.712094643753102996e-02 -5.043018307269936384e-02 -2.905661517816420791e-01  3.156638913940550406e-01 -2.793207294927425033e-01 -9.208325244680373028e-03 9.067808139191039229e-01 
inf -8.655439611794572830e-02 -4.779809677815946567e-02 -2.973348171735334389e-01  3.184061497285924913e-01 -2.830821480949962665e-01 -8.016310525704641726e-03 9.046644460851168690e-01 
inf -8.580443187543845829e-02 -4.433171219938344260e-02 -3.014821134457437157e-01  3.223351866250356856e-01 -2.872350360260716440e-01 -7.478074469042966278e-03 9.019646001616361541e-01 
inf -8.464812025232845705e-02 -4.296924788190835398e-02 -3.064124081662648602e-01  3.247111602871202152e-01 -2.903359176285790766e-01 -6.740177958263468549e-03 9.001234844846867089e-01 
inf -8.401080317807546605e-02 -3.952123104700153849e-02 -3.120249143033109740e-01  3.282182142852851925e-01 -2.941674949024832841e-01 -7.770053369271719829e-03 8.975956300165541801e-01 
inf -8.257542586832861131e-02 -3.740784217530122857e-02 -3.174457926597480384e-01  3.307524691716979270e-01 -2.975624440005279481e-01 -9.163269379289335978e-03 8.955308093815311787e-01 
inf -7.945831798121542888e-02 -3.568957205071132677e-02 -3.247480854644851367e-01  3.323589014836293987e-01 -3.006355243995224580e-01 -1.078589356584458946e-02 8.938900975923189662e-01 
inf -7.893457792441202492e-02 -3.274755815610774085e-02 -3.302093662982517053e-01  3.334643359144162655e-01 -3.033519404950478782e-01 -1.194157475276536561e-02 8.925449768294426711e-01 
inf -7.796025969718625714e-02 -3.130628562954154703e-02 -3.360894448473042972e-01  3.344373000784717220e-01 -3.075617326019262632e-01 -1.331928295337301074e-02 8.907188499502698420e-01 
inf -7.725721979994101818e-02 -2.921866819164030404e-02 -3.417391057306120583e-01  3.354294833667293974e-01 -3.116824010565315550e-01 -1.472539003927736921e-02 8.888893662589038014e-01 
inf -7.758172879688773893e-02 -2.684976455299390233e-02 -3.456962007345701360e-01  3.362051194486213035e-01 -3.160874734329144342e-01 -1.636110360423660356e-02 8.870102260313498244e-01 
inf -7.781423469039046303e-02 -2.459264312228780572e-02 -3.500954330293035710e-01  3.360191841746047459e-01 -3.197653036544138017e-01 -1.787306688372692146e-02 8.857323590823603654e-01 
inf -7.852187749481344403e-02 -2.257967404442175544e-02 -3.555508606870955157e-01  3.358760994551285295e-01 -3.241967550448009994e-01 -1.909055106532002791e-02 8.841488905683546617e-01 
inf -7.870782679756802014e-02 -1.878449497933167706e-02 -3.597761836501150445e-01  3.365653249361564847e-01 -3.292657333329665481e-01 -2.070367075015367916e-02 8.819746124015092059e-01 
inf -7.899871089865717622e-02 -1.596301496781829185e-02 -3.636453607296861179e-01  3.371102684421279361e-01 -3.334405381622871922e-01 -2.249775852467638879e-02 8.801522171092259761e-01 
inf -7.898394898116746499e-02 -1.357095649627062389e-02 -3.693054626464366552e-01  3.368691923623890472e-01 -3.374545538770709618e-01 -2.469168840771578805e-02 8.786545918780115372e-01 
inf -7.903753962467789662e-02 -1.100214380217837302e-02 -3.737836664279223231e-01  3.368951972638918879e-01 -3.416183859016104218e-01 -2.697410108766460160e-02 8.769668764240837744e-01 
inf -7.995071874915631038e-02 -8.554359117832976978e-03 -3.771747567660320155e-01  3.366361978628973906e-01 -3.452082437606671106e-01 -2.952529729548496185e-02 8.755772927318874466e-01 
inf -8.053852760961904833e-02 -7.574630737044906609e-03 -3.802906293620984535e-01  3.354045153080529307e-01 -3.495816235406172257e-01 -3.231204166853377663e-02 8.742153233368121779e-01 
inf -8.139003753218181092e-02 -5.462982192155191839e-03 -3.839359770657988502e-01  3.345640899078445307e-01 -3.538464211130403769e-01 -3.494686930087478882e-02 8.727189102658977626e-01 
inf -8.228533681969810165e-02 -3.956483650077271749e-03 -3.872852177684929509e-01  3.328640522751798447e-01 -3.580504353460838285e-01 -3.776784421296463384e-02 8.715359994830571555e-01 
inf -8.325833971457656524e-02 -2.962647309901776226e-03 -3.893580247354394563e-01  3.306590215030384972e-01 -3.621826619683730097e-01 -4.023544173847015681e-02 8.705569711950312817e-01 
inf -8.277451964141092910e-02 -1.337324554976745527e-03 -3.924860089341847269e-01  3.280061616791872803e-01 -3.670695059230141277e-01 -4.232657811320476859e-02 8.694138235082001787e-01 
inf -8.288849366370094895e-02 4.065516157853545694e-04 -3.933714817632772420e-01  3.252198094180415167e-01 -3.706984083299962318e-01 -4.462460396038898242e-02 8.688057379789101420e-01 
inf -8.348802885459151446e-02 2.229584408316163165e-03 -3.947030689914959312e-01  3.225730069964975466e-01 -3.737195815679771327e-01 -4.683436856917966296e-02 8.683817544321276172e-01 
inf -8.433894622329395074e-02 5.120554396020797136e-03 -3.954397552346535782e-01  3.204207438142016584e-01 -3.762140590068254742e-01 -4.910342137492570980e-02 8.679760265977621847e-01 
inf -8.529452402720588688e-02 5.978481364117615299e-03 -3.949594700339207343e-01  3.173901426191361175e-01 -3.789344008489153870e-01 -5.092133583156210203e-02 8.678013797975936416e-01 
inf -8.627815019096185534e-02 6.074300195725185550e-03 -3.935021683268259407e-01  3.130226038853217152e-01 -3.815738677210170349e-01 -5.257497902680738355e-02 8.681325385617150170e-01 
inf -8.698250447770222715e-02 7.125643133240145560e-03 -3.913784549865614859e-01  3.089335510470514468e-01 -3.830891161902694186e-01 -5.447772426461803402e-02 8.688123892147057159e-01 
inf -8.784953632498912479e-02 6.325722150465196494e-03 -3.892692702153807693e-01  3.042168179128636463e-01 -3.838589742540967076e-01 -5.614754278398366438e-02 8.700298092725817778e-01 
inf -8.892622818108023020e-02 6.954488386239812692e-03 -3.860769059012637561e-01  2.997380491287855442e-01 -3.841139403285060983e-01 -5.800288674577393916e-02 8.713490964469611244e-01 
inf -8.986868552794385900e-02 7.866219159323326049e-03 -3.829944168192633280e-01  2.958672017546281063e-01 -3.841075363842029744e-01 -5.956451767687376969e-02 8.725686607096692082e-01 
inf -8.998723565339609987e-02 9.076079285445171757e-03 -3.788990213805016327e-01  2.910631231650837591e-01 -3.831968439330007969e-01 -6.087321640303003378e-02 8.744923605486354390e-01 
inf -9.166842240606228043e-02 9.435627482181720149e-03 -3.743104143557682284e-01  2.865535809877518547e-01 -3.821446801744934896e-01 -6.190099748348074776e-02 8.763679336602749892e-01 
inf -9.183646332479275531e-02 9.403331127158815611e-03 -3.689611801742441188e-01  2.817446358456300870e-01 -3.804390027121490880e-01 -6.376940484051078772e-02 8.785326336533468838e-01 
inf -9.340423054120532143e-02 8.139774369758510930e-03 -3.643382096394299219e-01  2.757614159750605420e-01 -3.783124258275238350e-01 -6.511502321308218488e-02 8.812464942772162413e-01 
inf -9.450181906660809483e-02 8.259054632579643229e-03 -3.595599616281891509e-01  2.717206111012318015e-01 -3.766997625858229393e-01 -6.741868949852428128e-02 8.830175075709764121e-01 
inf -9.473445631744137341e-02 7.373492389740444498e-03 -3.529437799800129172e-01  2.668106668298022566e-01 -3.733084139155775638e-01 -6.912284778134793195e-02 8.858187896405611550e-01 
inf -9.600060946910467241e-02 6.352201315720218226e-03 -3.487258089993167109e-01  2.612631811739749566e-01 -3.697338925157286349e-01 -7.106998594911598244e-02 8.888123851439148071e-01 
inf -9.686527985163106980e-02 3.826871707247955865e-03 -3.412686812682347859e-01  2.581142869018359653e-01 -3.670521507211159662e-01 -7.208823686234780426e-02 8.907597990784260622e-01 
inf -9.616418414439792395e-02 4.283898340393702334e-03 -3.358854990762535353e-01  2.545002091588840498e-01 -3.615323967504955882e-01 -7.292420453978006034e-02 8.939832381147684304e-01 
inf -9.631528388857124590e-02 1.487300706086068080e-03 -3.299207507290184971e-01  2.505135094351348402e-01 -3.571556464166961709e-01 -7.319477180073682976e-02 8.968418763662870941e-01 
inf -9.663789185137974802e-02 1.138088553953471842e-04 -3.243800997481283144e-01  2.485375824719140980e-01 -3.529652869866808929e-01 -7.265614802315542575e-02 8.990915751111584475e-01 
inf -9.621065922036697859e-02 -6.033629466255243604e-04 -3.175952382030549637e-01  2.476875882356835978e-01 -3.492802931685867196e-01 -7.327517840968382490e-02 9.007135414031952614e-01 
inf -9.436338722647297228e-02 -1.250625743439274119e-03 -3.127260003924502985e-01  2.466455004153062514e-01 -3.440065424249741377e-01 -7.243206723587763962e-02 9.030941764454218923e-01 
inf -9.366082497241429161e-02 -2.623634653393987042e-03 -3.078418582285364358e-01  2.446658809584126293e-01 -3.380425744553082756e-01 -7.129898374876555978e-02 9.059703524215704240e-01 
inf -9.333840910944855851e-02 -4.904407539393801710e-03 -3.029100077848323469e-01  2.443808855199343100e-01 -3.329067024900828620e-01 -6.972949921136668838e-02 9.080687788760299917e-01 
inf -9.155351675196402028e-02 -6.289441107074649276e-03 -2.987594626693832467e-01  2.452264032157681906e-01 -3.287044524866737927e-01 -6.659253530187209114e-02 9.096058642749410561e-01 
inf -8.969872444507702436e-02 -8.079067544337854845e-03 -2.950073695825362052e-01  2.453839538005305465e-01 -3.223958439763237038e-01 -6.390264819447248612e-02 9.120110123006993641e-01 
inf -8.848106180524029085e-02 -9.923279695622740093e-03 -2.916053182790785403e-01  2.465867907510093660e-01 -3.170996702125064570e-01 -6.026455520477043415e-02 9.137893286552479788e-01 
inf -8.597705249846712694e-02 -1.153410868857153090e-02 -2.896908843868664651e-01  2.486158287104955344e-01 -3.118314248786196452e-01 -5.723605807930780276e-02 9.152460684582619521e-01 
inf -8.396225270653843997e-02 -1.359066750521804173e-02 -2.875085384426019908e-01  2.514229513054417331e-01 -3.064226473513045335e-01 -5.356449529676435978e-02 9.165274167152243079e-01 
inf -8.136076776589783177e-02 -1.443154322080202404e-02 -2.863992566736499046e-01  2.554596487011275285e-01 -3.008320475357713075e-01 -4.965707166099966180e-02 9.174827640315572630e-01 
inf -7.782222930920060233e-02 -1.443943537216225981e-02 -2.861646080589866914e-01  2.605009131196832084e-01 -2.954858104355240767e-01 -4.605066401260572706e-02 9.179906025875596010e-01 
inf -7.453968724622909992e-02 -1.452994769351569591e-02 -2.871931959523627564e-01  2.652843869696956403e-01 -2.887466357966946839e-01 -4.220685230021842954e-02 9.189494849909385366e-01 
inf -7.128322358884887910e-02 -1.482331261736482587e-02 -2.884004260478784665e-01  2.707111199600474860e-01 -2.831869996015257684e-01 -3.828012288227912452e-02 9.192688643583986075e-01 
inf -6.867286821624261905e-02 -1.479820691043212677e-02 -2.874055689495071397e-01  2.753381375580182255e-01 -2.778227956359625717e-01 -3.398541501374800766e-02 9.197001662484590723e-01 
inf -6.709436701239002154e-02 -1.751032543278360082e-02 -2.868811485886100798e-01  2.793229044741212252e-01 -2.733472231143594389e-01 -3.038229141335926572e-02 9.199657205680455974e-01 
inf -6.554187083667133151e-02 -1.978736027325368740e-02 -2.859533440894202472e-01  2.829468871735802971e-01 -2.693917185634114864e-01 -2.688716008318953882e-02 9.201338172412173444e-01 
inf -6.487723341112330844e-02 -2.090638255026083109e-02 -2.844866693936819457e-01  2.870039705361085436e-01 -2.653972052660076297e-01 -2.423044686116967647e-02 9.201119115512031987e-01 
inf -6.472291400683996554e-02 -2.323474901069642884e-02 -2.837263574015351231e-01  2.910065061212198656e-01 -2.633256130258262995e-01 -2.065730600900612599e-02 9.195369000905528889e-01 
inf -6.459560432564544208e-02 -2.290687302534836697e-02 -2.824936632767147682e-01  2.964278030467584757e-01 -2.601800711927285681e-01 -1.857016430332957338e-02 9.187448161120508328e-01 
inf -6.465955194746453305e-02 -2.546915711812301752e-02 -2.821617576037235287e-01  2.992280335386271473e-01 -2.573024319615066502e-01 -1.597534434906348888e-02 9.186962669044809182e-01 
inf -6.585614861620493754e-02 -2.835526716062299057e-02 -2.826427751527064158e-01  3.040705415189091654e-01 -2.574311595246726037e-01 -1.421378683236841807e-02 9.170977440546148607e-01 
inf -6.649364769066012926e-02 -3.159857095413637351e-02 -2.827556153656075044e-01  3.082710607173018702e-01 -2.568050954205228220e-01 -1.222034966447765013e-02 9.158988804144067020e-01 
inf -6.880295019923284017e-02 -3.515142368041798693e-02 -2.843180316988783707e-01  3.112573760399607314e-01 -2.572565123135142628e-01 -1.051248034851293145e-02 9.147827176384166759e-01 
inf -7.088439407554694704e-02 -3.736111412107670504e-02 -2.849729510973731950e-01  3.156634470399076187e-01 -2.601316732538923593e-01 -1.023661493388812460e-02 9.124600333645901395e-01 
inf -7.191801645805867560e-02 -3.858825365305462024e-02 -2.857606204657880955e-01  3.200104296994057962e-01 -2.608931720232116613e-01 -9.097392841096814745e-03 9.107388841587710226e-01 
inf -7.468092783224521136e-02 -4.120181654605308691e-02 -2.883475881601219037e-01  3.238521073131577777e-01 -2.629208624149224627e-01 -6.736382291351942532e-03 9.088162926848555312e-01 
inf -7.766379581502198814e-02 -4.330443201753737120e-02 -2.898270738695258864e-01  3.286140230245678806e-01 -2.680814770675912229e-01 -5.173278494996815143e-03 9.056038773738109837e-01 
inf -7.916193661804515891e-02 -4.273660845740458875e-02 -2.912133812779106878e-01  3.346845878719405531e-01 -2.729648984543417423e-01 -3.815362389616586917e-03 9.019211904942893154e-01 
inf -8.134047140784436691e-02 -4.472652000000785361e-02 -2.938092894771501817e-01  3.378701501165211063e-01 -2.764530679595189055e-01 -9.273605244740521988e-04 8.996758321075801756e-01 
inf -8.337837464625710848e-02 -4.508255909128340566e-02 -2.974486758658546615e-01  3.423292357947407272e-01 -2.817114662114563184e-01 -3.030305711728245631e-04 8.963533077406772298e-01 
inf -8.402718674218777328e-02 -4.514283114163245014e-02 -3.013210831217457697e-01  3.466398115892645460e-01 -2.862609270794241323e-01 1.061755152575796345e-03 8.932493466692174033e-01 
inf -8.628215895805076141e-02 -4.316316985627467046e-02 -3.046774240523125177e-01  3.505820746984035230e-01 -2.892724635875478234e-01 1.832604690770849205e-03 8.907358150822280995e-01 
inf -8.708779246672582186e-02 -4.161242434193369866e-02 -3.088226070799741096e-01  3.550221078975032141e-01 -2.933803608190251322e-01 1.663690152179360046e-03 8.876285816290447883e-01 
inf -8.954262347919243747e-02 -3.657605669209379462e-02 -3.106080028052283781e-01  3.601965120286108601e-01 -2.960083416609813334e-01 2.151891972309099080e-03 8.846654190994910349e-01 
inf -9.060773631679509832e-02 -3.466065084879925429e-02 -3.146018638592856798e-01  3.630787221949889343e-01 -2.984530342559703064e-01 3.915637950557842965e-03 8.826575188668019933e-01 
inf -9.191223904876681672e-02 -3.285376587806917298e-02 -3.185310408022260509e-01  3.657107645131318918e-01 -3.020856335755781608e-01 4.668128683808776651e-03 8.803284133100859332e-01 
inf -9.349683546676453016e-02 -3.078212457364861918e-02 -3.237372052103804076e-01  3.681703530543090630e-01 -3.056894579399292988e-01 4.958344139132383512e-03 8.780546459416154192e-01 
inf -9.487726796496565029e-02 -2.937368618227501407e-02 -3.269122681444142087e-01  3.704033565487804269e-01 -3.106129464032240661e-01 2.993535259486668990e-03 8.753924775383640222e-01 
inf -9.645204057158991706e-02 -2.835988037260168265e-02 -3.296102021214329936e-01  3.713924018550416872e-01 -3.146010097565812291e-01 1.295824270838572597e-03 8.735514920964544405e-01 
inf -9.778769965002090392e-02 -2.582689525305742473e-02 -3.331485325360007410e-01  3.719826536126428773e-01 -3.178332243296481674e-01 -1.614957589325751158e-03 8.721286251668963763e-01 
inf -9.884213752697179611e-02 -2.358147576746939811e-02 -3.360112588980225801e-01  3.714604430398515400e-01 -3.196122432913542921e-01 -5.491113934545576933e-03 8.716851500757960558e-01 
inf -1.012375577798644150e-01 -2.071472653029485245e-02 -3.413502428710331604e-01  3.710864688685160950e-01 -3.223085502178605899e-01 -8.472320383377763761e-03 8.708273369999807167e-01 
inf -1.020074743493833286e-01 -1.706245239612069059e-02 -3.436927973111238432e-01  3.720184878367936987e-01 -3.274153122757875178e-01 -1.189718712065363469e-02 8.684813843333604177e-01 
inf -1.036510749746504534e-01 -1.237474302718418601e-02 -3.457705438999443825e-01  3.714878542585222099e-01 -3.302958697199575022e-01 -1.479494036580746193e-02 8.675727763847296270e-01 
inf -1.037685725415001814e-01 -7.057280709367695637e-03 -3.492579836442255559e-01  3.706652283883425381e-01 -3.336705825864604846e-01 -1.648275077000312810e-02 8.666023019282166340e-01 
inf -1.035165408957885863e-01 -3.061881396091770298e-03 -3.487153594571096860e-01  3.699920989182874931e-01 -3.366288850278972844e-01 -1.884878090602949696e-02 8.656971548765025615e-01 
inf -1.031688247038736461e-01 5.831835449438792229e-04 -3.497334168138687138e-01  3.682128734696237804e-01 -3.387470542319517830e-01 -2.023057508913341657e-02 8.655983115117432680e-01 
inf -1.034192848738849924e-01 4.607373384679341009e-03 -3.495199523531574148e-01  3.666004997923321684e-01 -3.406646346601176489e-01 -2.140557160458871067e-02 8.655018669813380194e-01 
inf -1.030621890367934418e-01 7.869471614897632222e-03 -3.485413599401027129e-01  3.641850841566259822e-01 -3.423620258752381185e-01 -2.363585922164409756e-02 8.657937478841533085e-01 
inf -1.032961894643230211e-01 1.144667446353294163e-02 -3.461274484123657014e-01  3.608482697519333482e-01 -3.426619373839951410e-01 -2.532229933435830443e-02 8.670237044289527129e-01 
inf -1.031941785917321608e-01 1.254411320508074315e-02 -3.426713247112093685e-01  3.575960129956189393e-01 -3.438279182202216844e-01 -2.626720010152606977e-02 8.678810335183112512e-01 
inf -1.028628299143107966e-01 1.890976894619372101e-02 -3.375009157375807867e-01  3.541184381507860857e-01 -3.427114448678483249e-01 -2.773555881772791359e-02 8.697009463576016453e-01 
inf -1.035904364757476437e-01 1.896972426137303464e-02 -3.322770838385390446e-01  3.462691764188468579e-01 -3.410224364754683157e-01 -2.834788387488454062e-02 8.734974257331069580e-01 
inf -1.046625351409700422e-01 1.884890571559888137e-02 -3.267797306394949475e-01  3.400188147843056230e-01 -3.403341140566412126e-01 -2.891555795692420799e-02 8.761984860235704220e-01 
inf -1.055366883425412489e-01 2.071887241240096336e-02 -3.205406604908243584e-01  3.353748688221054874e-01 -3.392753560709778071e-01 -3.078681993409188716e-02 8.783325690442160827e-01 
inf -1.065665255181432042e-01 2.388458726447148170e-02 -3.146209305389086608e-01  3.303871236212134188e-01 -3.360669449369856898e-01 -3.405670687608402386e-02 8.813305269776933182e-01 
inf -1.080579752878828848e-01 2.282328972150235100e-02 -3.090277696521206430e-01  3.241637248542487137e-01 -3.343084088410678278e-01 -3.703754447413868528e-02 8.841854938677169429e-01 
inf -1.085727911370563820e-01 2.358245669893851981e-02 -3.022740301424773346e-01  3.200836746773862984e-01 -3.319654196266830781e-01 -4.087370755169306841e-02 8.863829541502250553e-01 
inf -1.094486615928382534e-01 2.434437357362240900e-02 -2.976206328017247382e-01  3.143114064758399384e-01 -3.274279086383857784e-01 -4.449199376699688319e-02 8.899549240801523098e-01 
inf -1.115606312609825346e-01 2.148980572253526497e-02 -2.922426496738585455e-01  3.067098293328676117e-01 -3.249529159425030289e-01 -4.724530399899322386e-02 8.933658624892214517e-01 
inf -1.133375424136339321e-01 2.158704384846124591e-02 -2.859229058682460356e-01  3.021422794365788977e-01 -3.243492970155451571e-01 -5.003878420978975089e-02 8.949880985673474010e-01 
inf -1.150995111556916833e-01 1.983409580319088136e-02 -2.798702158210426005e-01  2.961363478156729956e-01 -3.220539793607309353e-01 -5.249595012622458590e-02 8.976796049263108257e-01 
inf -1.170000829599617265e-01 1.858453981013733977e-02 -2.735205911669602030e-01  2.910992137651307043e-01 -3.199019847555505391e-01 -5.554689429846328824e-02 8.999102790992986600e-01 
inf -1.191669307682989565e-01 1.475259132723116470e-02 -2.681548403793054813e-01  2.864324429324810461e-01 -3.193631666898344434e-01 -5.592905721266294705e-02 9.015739370439201927e-01 
inf -1.198148474334738145e-01 1.499737843639060812e-02 -2.629451905768001030e-01  2.833617620469934817e-01 -3.171313563758622056e-01 -5.894681029334641192e-02 9.031384656679557477e-01 
inf -1.211086955930759240e-01 1.137960246941076455e-02 -2.581086330310286003e-01  2.783166324668134850e-01 -3.136850397876188579e-01 -6.077531235129753073e-02 9.057857965956271906e-01 
inf -1.221806260861399707e-01 9.442956059314578168e-03 -2.536041037244619600e-01  2.741312277458098912e-01 -3.117387705245874829e-01 -6.076843902359654881e-02 9.077324527331988024e-01 
inf -1.233829612427076589e-01 6.961145165363514728e-03 -2.484881170936676653e-01  2.703194789119572339e-01 -3.101461675697786413e-01 -6.071375641671951373e-02 9.094232094268971389e-01 
inf -1.248887407334846739e-01 4.171888772317513226e-03 -2.447937574658582693e-01  2.674663719372684656e-01 -3.093369909885981817e-01 -5.911815144333906757e-02 9.106466988128585349e-01 
inf -1.263088901822843613e-01 1.681523981699666308e-03 -2.414118408189112885e-01  2.667757031517993260e-01 -3.099141253973292098e-01 -5.768599849201939966e-02 9.107449064721966359e-01 
inf -1.263051358923648337e-01 -1.460994931051851683e-04 -2.391130703387898682e-01  2.666630108168211999e-01 -3.097398260953189153e-01 -5.657522057792423870e-02 9.109068685706067647e-01 
inf -1.263222657546126670e-01 -9.763341897405565257e-04 -2.383419442710563441e-01  2.675141758524486324e-01 -3.086856559291656921e-01 -5.592162895941821255e-02 9.110554884067660897e-01 
inf -1.257908741672482122e-01 -1.175465088745757374e-03 -2.389881349240561559e-01  2.693142197875192378e-01 -3.080588169351676786e-01 -5.502299499602581606e-02 9.107920104779202441e-01 
inf -1.249253874003169035e-01 -5.240212798174010778e-04 -2.404747016323913467e-01  2.714174861675643924e-01 -3.070759482161222742e-01 -5.432325376740596012e-02 9.105415390468308834e-01 
inf -1.238921381358489698e-01 -9.635919689586956932e-04 -2.425880081026643986e-01  2.727400459689277024e-01 -3.069072915788690903e-01 -5.312538447459537461e-02 9.102738462819948140e-01 
inf -1.230034713345617980e-01 -7.069798813804891498e-04 -2.432130000388638413e-01  2.742102081092230303e-01 -3.064512545653077513e-01 -5.261318422195205430e-02 9.100155181039895069e-01 
inf -1.223894873114739767e-01 -2.230725332563771469e-04 -2.439143073004276518e-01  2.755808255499996862e-01 -3.061233369383513647e-01 -5.214399789126357432e-02 9.097388167242426160e-01 
inf -1.217784959220114954e-01 3.491473990532239060e-04 -2.436755244655832986e-01  2.762201349056107591e-01 -3.055791383874040257e-01 -5.194934370388082367e-02 9.097390246350181009e-01 
inf -1.215652150493059802e-01 1.999073473810095191e-04 -2.434928535971933317e-01  2.758178320725858668e-01 -3.053250630114793251e-01 -5.096368973686238313e-02 9.100021053471358812e-01 
inf -1.219296210772540939e-01 -7.519151123822662803e-04 -2.426688265322792526e-01  2.744682503029141629e-01 -3.053975897688637198e-01 -4.959942069809053500e-02 9.104610860467565736e-01 
inf -1.225314688022976911e-01 -1.300282988558934191e-03 -2.411355998843317250e-01  2.741693741744724022e-01 -3.064219239359810554e-01 -4.857102456292745202e-02 9.102623876493290966e-01 
inf -1.224096894986452383e-01 -1.196469269977352458e-03 -2.407823482962107298e-01  2.744691979281530525e-01 -3.059789155352657386e-01 -4.813994528115269483e-02 9.103439505510357854e-01 
inf -1.223139668546350672e-01 -7.748467518259870334e-04 -2.414883382029304471e-01  2.758764848100841993e-01 -3.055932860004918483e-01 -4.833756053543428188e-02 9.100375755548427703e-01 
inf -1.221935738791577741e-01 -6.805457378051261953e-04 -2.421855312802045079e-01  2.770532708612336581e-01 -3.050413881138929750e-01 -4.816751020986142356e-02 9.098742372453590965e-01 
inf -1.216431999263869190e-01 -4.237071061092605390e-04 -2.431029750842541026e-01  2.790591677268305926e-01 -3.043905961269957050e-01 -4.810389342853021305e-02 9.094824689536777917e-01 
inf -1.207160494636380088e-01 1.262400533518749906e-03 -2.444839096328675909e-01  2.812163414974913622e-01 -3.031391554218831330e-01 -4.792678323786404154e-02 9.092453162779253750e-01 
inf -1.197775251262915286e-01 1.843304275361812381e-03 -2.450540712755370221e-01  2.822077284905098460e-01 -3.028130173291911920e-01 -4.711843799025200452e-02 9.090890645682503379e-01 
inf -1.189439828320870834e-01 2.631223175985626921e-03 -2.453403368562298015e-01  2.830042213971032949e-01 -3.017944082092019475e-01 -4.622204101254367287e-02 9.092261923029448800e-01 
inf -1.177416085278522179e-01 2.582625996005690969e-03 -2.461983737696790964e-01  2.825283864300230374e-01 -3.003338139161227938e-01 -4.569814351592842855e-02 9.098840534700236571e-01 
inf -1.167754147923963925e-01 2.479674346283549866e-03 -2.467477815558381526e-01  2.823130308761959695e-01 -2.998041820047798178e-01 -4.499439184346788051e-02 9.101605955833164119e-01 
inf -1.158056868021423019e-01 2.700636146201744903e-03 -2.476558001178685298e-01  2.820218658153191837e-01 -2.992219476516523313e-01 -4.414584853485518240e-02 9.104839577404620909e-01 
inf -1.153070285505687353e-01 2.961976565065220588e-03 -2.481870065641380296e-01  2.817679950750072715e-01 -2.993854602863050829e-01 -4.331874180080946823e-02 9.105485323305742007e-01 
inf -1.150170273578586672e-01 3.451344716880073386e-03 -2.486043007606799082e-01  2.821457590065390431e-01 -2.998534925594376621e-01 -4.212432086022302458e-02 9.103335626387704105e-01 
inf -1.142148899645890475e-01 5.322772301977913949e-03 -2.491158403197714366e-01  2.835210827654541244e-01 -3.006904062799520827e-01 -4.165163182005202774e-02 9.096517007984037395e-01 
inf -1.136619814859402694e-01 6.269091583776998169e-03 -2.503552536129636796e-01  2.846771489501477292e-01 -3.007396140359474002e-01 -4.138578162214386763e-02 9.092864358906103117e-01 
inf -1.128077876059805917e-01 6.339415015829503661e-03 -2.516425828102827333e-01  2.859212522415645052e-01 -3.010208634081003587e-01 -4.093668334013167431e-02 9.088232310338282272e-01 
inf -1.118477433389614834e-01 7.294925545796448682e-03 -2.529741465421916913e-01  2.873226828447272840e-01 -3.009771036444153780e-01 -4.087074934042014135e-02 9.083986134143312574e-01 
inf -1.112982890890107240e-01 7.893524592684952185e-03 -2.534524556020417152e-01  2.879086473083044551e-01 -3.005860334147136825e-01 -4.069658199893994716e-02 9.083503924888867154e-01 
